0.20252166748046874
10.125700378417969
10.12169521331787
10.127479305267334
10.128063163757325
10.126009979248046
10.12466962814331
10.120790576934814
10.120796298980713
10.121175479888915
10.123712768554688
10.130325298309327
10.119181213378907
10.132245597839356
10.12151653289795
10.118677520751953
10.126747550964355
10.11772710800171
10.122598514556884
10.127228031158447
10.12376049041748
10.12098123550415
10.12621114730835
10.120054302215577
10.11547191619873
10.11852897644043
10.121974792480469
10.120491695404052
10.129844970703125
10.131586074829102
10.118904647827149
10.118432121276856
10.12939022064209
10.119462623596192
10.123199405670166
10.119321689605712
10.120888900756835
10.112669620513916
10.123410835266114
10.112032375335694
10.129919567108153
10.131493225097657
10.122533626556397
10.128552684783935
10.120865497589111
10.130445461273194
10.129242038726806
10.124082984924316
10.125904846191407
10.123633880615234
10.133186931610107
10.122942352294922
10.129038200378417
10.128736248016358
10.120249500274658
10.126597328186035
10.125589122772217
10.120271110534668
10.11933027267456
10.130215911865234
10.121296825408935
10.127600307464599
10.120139102935791
10.125477676391602
10.119315299987793
10.130229721069336
10.126045513153077
10.122269039154054
10.11633228302002
10.128840293884277
10.124065914154052
10.124878044128417
10.119537029266358
10.12503921508789
10.127111511230469
10.116220951080322
10.120296840667725
10.123093204498291
10.117810726165771
10.122870197296143
10.123599491119386
10.1261568069458
10.123373126983642
10.122894458770752
10.121457481384278
10.129141368865966
10.118344688415528
10.127482509613037
10.133099613189698
10.117287788391113
10.124431800842284
10.118373260498046
10.124041156768799
10.131223697662353
10.122547454833985
10.123751258850097
10.122517318725587
10.123740463256835
10.114075527191162
10.13231813430786
10.128198261260986
10.12331163406372
10.123795795440675
10.129566402435303
10.123455066680908
10.116857147216797
10.119901390075684
10.12369146347046
10.115940036773681
10.132943096160888
10.12680591583252
10.119391899108887
10.125930709838867
10.126209239959717
10.125372943878174
10.11776300430298
0.20187524795532227
10.083101253509522
10.080536193847657
10.079882335662841
10.079502582550049
10.084768581390382
10.083374290466308
10.082703666687012
10.080088195800782
10.08640495300293
10.076371612548828
10.081929588317871
10.085652523040771
10.084238052368164
10.078506469726562
10.080197200775146
10.083383903503417
10.07254192352295
10.082371559143066
10.080859241485596
10.077071399688721
10.087072734832764
10.082117748260497
10.07996789932251
10.079593048095703
10.081961498260497
10.085204029083252
10.079503784179687
10.083765201568603
10.082933540344237
10.082688884735107
10.081588916778564
10.087712650299073
10.079826278686523
10.08206033706665
10.083241481781005
0.20235210418701172
10.128377952575683
10.127041263580322
10.124650192260741
10.129636459350586
10.129167575836181
10.130461196899414
10.129455127716064
10.127774906158447
10.121457023620605
10.126460361480714
10.130595016479493
10.129077816009522
10.130695877075196
10.126687030792237
10.124208393096923
10.124487323760986
10.122314624786377
10.125496730804443
10.126252708435059
10.12582010269165
10.127673606872559
10.13001693725586
10.130594043731689
10.12875503540039
10.124538478851319
