0.18419700622558594
5.4842418193817135
4.460068826675415
4.2126868724822994
4.0348286437988286
3.8107861852645875
3.7220859956741332
3.596684274673462
3.5276709270477293
3.4132918643951418
3.416314220428467
3.3256975078582762
3.298689351081848
3.2795037031173706
3.225695309638977
3.206385793685913
3.1773012018203737
3.123525233268738
3.099181065559387
3.0462015533447264
3.0350722455978394
3.0065593242645265
2.9904604148864746
2.9710539293289187
2.9716002893447877
2.9591735649108886
2.98698127746582
2.892547435760498
2.9345117712020876
2.8572016525268555
2.8881447458267213
2.8894423246383667
2.8752771854400634
2.874586567878723
2.8034427642822264
2.839113001823425
2.8250902318954467
2.7809675836563112
2.777232623100281
2.791024055480957
2.799574251174927
2.8073274374008177
2.797318458557129
2.72787868976593
2.8069012689590456
2.760351061820984
2.7825482749938963
2.7773898458480835
2.7358525657653807
2.7050943756103516
0.05950040817260742
2.729400568008423
2.6904427194595337
2.6769027853012086
2.740496063232422
2.699489769935608
2.6883511638641355
2.672645745277405
2.6773166036605835
2.660462193489075
2.6691466903686525
2.644129071235657
2.66357611656189
2.626489577293396
2.6717577314376832
2.642650866508484
2.611893310546875
2.7008030652999877
2.6856869411468507
2.6085324573516844
2.6541481971740724
2.624876308441162
2.6569273853302002
2.6496204376220702
2.6117583179473876
2.6554904556274415
2.6184794235229494
2.639928913116455
2.6391723442077635
2.6081033420562743
2.569767894744873
2.605126042366028
2.6090376663208006
2.602727437019348
2.587044177055359
2.5685684061050416
2.5984937286376955
2.656303300857544
2.5570779991149903
2.606700954437256
2.5988332653045654
2.5826274871826174
2.589504051208496
2.558059892654419
2.6120545721054076
2.535875873565674
2.5662819862365724
2.561566858291626
2.591469740867615
2.5642846965789796
0.05007055759429932
2.517739939689636
2.5039959573745727
2.5360775995254516
2.5142748165130615
2.514782900810242
2.534803810119629
2.5123896265029906
2.525308690071106
2.5382698345184327
2.5369522094726564
2.5784786319732667
2.533183238506317
2.514476623535156
2.5636872482299804
2.489574875831604
2.5408315229415894
2.530017204284668
2.498590602874756
2.5413838481903075
2.5085889005661013
2.521259241104126
2.5172007083892822
2.521414194107056
2.4943891191482543
2.5072399806976318
2.5168219232559204
2.520588994026184
2.510539798736572
2.4863472270965574
2.5885074663162233
2.520955762863159
2.505219216346741
2.5129478788375854
2.509511730670929
2.475195760726929
2.473125774860382
2.5395744705200194
2.4689701271057127
2.490546216964722
2.5020537042617796
2.4819867038726806
2.5134768295288086
2.5361269426345827
2.4815575003623964
2.5026885509490966
2.477481317520142
2.512209358215332
2.4980669736862184
2.538296217918396
0.045814309120178226
2.4547106313705442
2.5128456783294677
2.441133553981781
2.448011908531189
2.4497368001937865
2.4786567163467406
2.470687384605408
2.4502314138412475
2.4538889050483705
2.474157009124756
2.469963731765747
2.4455631399154663
2.464770121574402
2.4593800020217897
2.42180784702301
2.4691948175430296
2.467412543296814
2.4742491245269775
2.4653953456878663
2.4518560457229612
2.4536167311668398
2.450459017753601
2.456421775817871
2.5077185678482055
2.434909954071045
2.4546565341949464
2.471509714126587
2.414679491519928
2.488224883079529
2.464382405281067
2.410014801025391
2.4600035047531126
2.432372417449951
2.4648021507263183
2.464099311828613
2.4331464529037476
2.4590809774398803
2.427237811088562
2.419967141151428
2.4421318912506105
2.445450587272644
2.4416441535949707
2.4696446371078493
2.411016149520874
2.418642201423645
2.4400075817108156
2.4066654729843138
2.4484221649169924
2.426714344024658
0.056733832359313965
2.399917554855347
2.4454261541366575
2.3957939195632934
2.3935068225860596
2.4203522205352783
2.377686619758606
2.379762980937958
2.409786734580994
2.455726366043091
2.41584969997406
2.41215576171875
2.3787038469314576
2.425801367759705
2.385078265666962
2.4267236757278443
2.464199867248535
2.4208547925949095
2.4145448780059815
2.4146826553344725
2.4165694093704224
2.439327483177185
2.4116644287109374
2.378897225856781
2.4114695262908934
2.386311945915222
2.450797562599182
2.438767375946045
2.3779072618484496
2.420850033760071
2.379228515625
2.365442726612091
2.3883037853240965
2.415935182571411
2.420886125564575
2.401054515838623
2.3933686923980715
2.420298237800598
2.3877846145629884
2.4255719423294066
2.3893741607666015
2.382902913093567
2.4202136993408203
2.411737027168274
2.4501465654373167
2.4037925744056703
2.3945730686187745
2.438218343257904
2.3983503341674806
2.4322620487213134
0.04460176944732666
2.36441499710083
2.3580377435684206
2.3977600574493407
2.3738304662704466
2.37466082572937
2.3941302728652953
2.3409989976882937
2.3901398372650147
2.3904035806655886
2.3605480194091797
2.3491852569580076
2.3587972784042357
2.3763384437561035
2.3633263158798217
2.3956868386268617
2.38604567527771
2.3129883337020876
2.3753674268722533
2.3754192924499513
2.3658590173721312
2.3978908586502077
2.409279074668884
2.349906840324402
2.3554519486427306
2.3336833620071413
2.4075137758255005
2.3856144666671755
2.392433552742004
2.3771721506118775
2.384179458618164
2.388173851966858
2.36413761138916
2.4228402900695802
2.3793870782852173
2.34193902015686
2.334771113395691
2.41180233001709
2.389331638813019
2.3590340971946717
2.332102656364441
2.3670389080047607
2.357325620651245
2.3974130964279174
2.3776677417755128
2.3845523309707644
2.3881346702575685
2.3731187343597413
2.3543797850608827
2.3156878757476806
0.04717623233795166
2.344092695713043
2.3055942964553835
2.3614621448516844
2.329211239814758
2.3741201877593996
2.3520202016830445
2.358211441040039
2.34997798204422
2.3292026329040527
2.360069236755371
2.3583903169631957
2.319617872238159
2.3614493131637575
2.346467776298523
2.3643275094032288
2.3664333486557005
2.366577024459839
2.4001052808761596
2.3662559890747072
2.383863859176636
2.363552384376526
2.364336595535278
2.3592800092697144
2.4149372816085815
2.370450794696808
2.3433069515228273
2.328948366641998
2.3493152499198913
2.3066315197944642
2.374864196777344
2.390977942943573
2.40670006275177
2.3720587682724
2.36111049413681
2.3355934906005857
2.3825266456604
2.3517607688903808
2.376933853626251
2.337422881126404
2.3147254371643067
2.3500629234313966
2.3281817626953125
2.3991140031814577
2.317222728729248
2.3554804944992065
2.3508456206321715
2.367332820892334
2.333689432144165
2.39938982963562
0.04550549030303955
2.3139549899101257
2.3338766145706176
2.315431306362152
2.361041269302368
2.338508577346802
2.315098717212677
2.3391421127319334
2.3253600883483885
2.3176241278648377
2.3122721481323243
2.377949857711792
2.3131412649154663
2.389771523475647
2.3196896362304686
2.3190536308288574
2.3278980922698973
2.3542301750183103
2.317117748260498
2.3209537839889527
2.373847246170044
2.337130880355835
2.3225927782058715
2.3527154302597046
2.333233160972595
2.31638977766037
2.336987919807434
2.380723214149475
2.330639955997467
2.3498404741287233
2.3451383924484253
2.299823875427246
2.365045108795166
2.355866856575012
2.3441915273666383
2.3438590812683104
2.325472831726074
2.3475107192993163
2.332932262420654
2.3451403474807737
2.3638668775558473
2.329941973686218
2.3147900128364562
2.3261389327049256
2.30436963558197
2.3144206762313844
2.334079794883728
2.3236391878128053
2.315375893115997
2.332569260597229
0.049899840354919435
2.293782289028168
2.322523968219757
2.270712468624115
2.3138724040985106
2.3162377786636354
2.3120484709739686
2.317529711723328
2.323473384380341
2.2601853442192077
2.3443257808685303
2.3079614639282227
2.3289910674095156
2.3083900165557862
2.30913455247879
2.3307819390296936
2.3264248180389404
2.3083171796798707
2.2973063349723817
2.3516260051727294
2.348863046169281
2.2919824147224426
2.34800235748291
2.339450304508209
2.303112037181854
2.3218935704231263
2.3396617484092714
2.304648985862732
2.2630801129341127
2.3016187071800234
2.3035560703277587
2.321130771636963
2.346343765258789
2.3094072437286375
2.321177716255188
2.3524804735183715
2.2999567413330078
2.338568482398987
2.296519169807434
2.318005990982056
2.3138677144050597
2.3249507355690002
2.3035632038116454
2.3531335592269897
2.280616137981415
2.3357999539375305
2.332055413722992
2.3362429785728454
2.273975212574005
2.317977650165558
0.04804976463317871
2.281328935623169
2.3066045904159544
2.2733614659309387
2.3331914806365965
2.3177075958251954
2.3154798483848573
2.317958695888519
2.289369807243347
2.3390270185470583
2.29448725938797
2.3268875074386597
2.3080030941963194
2.270343050956726
2.296350154876709
2.2938510751724244
2.306874604225159
2.3472448325157167
2.303540587425232
2.2991666173934937
2.3315130710601806
2.307414245605469
2.3178264784812925
2.3094898676872253
2.289417116641998
2.3260975742340086
2.3427153778076173
2.328995292186737
2.3078177118301393
2.3135111999511717
2.3101607751846314
2.323185725212097
2.300948600769043
2.3057838773727415
2.307860815525055
2.302442498207092
2.3266940402984617
2.330047550201416
2.295938129425049
2.2784937977790833
2.335380744934082
2.3404743003845216
2.3923710632324218
2.3022158193588256
2.3158255672454833
2.3361332654953
2.3305612564086915
2.359708895683289
2.3438391208648683
2.3414997053146362
0.04520103454589844
2.2981297373771667
2.298530659675598
2.3024102020263673
2.2999587750434873
2.329554443359375
2.3016935873031614
2.323250288963318
2.335459408760071
2.2849675226211548
2.287884473800659
2.2689384841918945
2.280476348400116
2.3244150137901305
2.3303574395179747
2.2886634182929995
2.267859151363373
2.3005796384811403
2.2926768136024473
2.281925060749054
2.2937140917778014
2.320912470817566
2.3069856429100035
2.3069172430038454
2.325016438961029
2.3070963525772097
2.279382109642029
2.2816091752052308
2.2785315799713133
2.313137185573578
2.308742733001709
2.313828353881836
2.3166866207122805
2.3489757704734804
2.29177574634552
2.2294193863868714
2.3008194637298582
2.2744823837280275
2.3240192627906797
2.301414384841919
2.3432933950424193
2.308244287967682
2.2581806898117067
2.314693603515625
2.297855815887451
2.290074303150177
2.3356379795074464
2.3041957306861875
2.3264880442619322
2.275430431365967
0.04718673229217529
2.286565442085266
2.299114007949829
2.3021889233589174
2.285230915546417
2.294808189868927
2.3030007886886597
2.299747803211212
2.2689469170570375
2.300810008049011
2.3286454844474793
2.260222809314728
2.278119833469391
2.281506271362305
2.276707293987274
2.3169409584999086
2.2797444605827333
2.338355712890625
2.3234234428405762
2.31712842464447
2.304975142478943
2.2810481572151184
2.2938151073455813
2.312575087547302
2.277742681503296
2.3105335664749145
2.305200927257538
2.2752625823020933
2.2485942029953003
2.2835870361328126
2.3101785612106323
2.28565890789032
2.306207928657532
2.2980450558662415
2.266379795074463
2.2883217787742614
2.271258170604706
2.33534232378006
2.3176592779159546
2.3180766558647155
2.2764899015426634
2.2743506407737732
2.2401964497566222
2.296368803977966
2.3026217865943908
2.2766468572616576
2.3255633878707886
2.249592082500458
2.277423379421234
2.2895575165748596
0.046713252067565915
2.3032764911651613
2.2748826241493223
2.2598019790649415
2.2733767652511596
2.2640129804611204
2.2715392971038817
2.289526813030243
2.25726051568985
2.2341931867599487
2.302127313613892
2.2963685464859007
2.26557852268219
2.2812147831916807
2.2658493018150327
2.2686179447174073
2.3578747081756593
2.287393207550049
2.268700270652771
2.2758171463012697
2.2662332439422608
2.313987345695496
2.270975568294525
2.3155366826057433
2.300627539157867
2.2804136657714844
2.278158710002899
2.274525694847107
2.2734109234809874
2.275491809844971
2.3189738368988038
2.2516742062568667
2.267878177165985
2.272494606971741
2.289783389568329
2.3428473377227785
2.3256517696380614
2.290840289592743
2.2918764257431032
2.3094918227195738
2.3065253353118895
2.272027544975281
2.3355237197875978
2.3040479946136476
2.294619829654694
2.287850646972656
2.3541325736045837
2.338797926902771
2.2584037303924562
2.271464328765869
0.04810966014862061
2.2607732820510864
2.296438388824463
2.273411817550659
2.3120668220520018
2.2619709634780882
2.30169588804245
2.2377624249458314
2.3014591908454896
2.2681567001342775
2.29093279838562
2.2825772404670714
2.3046272706985476
2.334606864452362
2.2662779331207275
2.233476982116699
2.277434492111206
2.290976710319519
2.2944888782501223
2.2474993658065796
2.2575299668312074
2.294503252506256
2.2776086044311525
2.2694086742401125
2.3015199661254884
2.304954614639282
2.2476748847961425
2.281538941860199
2.297638373374939
2.2681121587753297
2.2675544571876527
2.2822724962234497
2.2749172329902647
2.2928373789787293
2.2559049630165102
2.2607617473602293
2.2692712211608885
2.3077100896835328
2.306145930290222
2.303523964881897
2.2851427745819093
2.3043624496459962
2.2659652781486512
2.260217475891113
2.2682759046554564
2.3095226430892946
2.328304886817932
2.3115299415588377
2.300295362472534
2.2883898878097533
0.05041414737701416
2.3080905628204347
2.2789552712440493
2.282213728427887
2.2745020461082457
2.2504769206047057
2.2657105851173402
2.2720588660240173
2.280337197780609
2.280006401538849
2.307320065498352
2.27117511510849
2.2573246788978576
2.2889593195915223
2.257897937297821
2.2626327800750734
2.275664768218994
2.2695360708236696
2.296109821796417
2.258820745944977
2.3119565629959107
2.2378704237937925
2.2400304079055786
2.244413130283356
2.2951545119285583
2.2736282110214234
2.2830879950523375
2.274242627620697
2.3085308051109314
2.2424015593528748
2.2631869554519652
2.299796042442322
2.2526312971115114
2.288366603851318
2.281504302024841
2.2569877982139586
2.239137396812439
2.3014639163017274
2.2912744379043577
2.2667894172668457
2.2951964068412782
2.2963260889053343
2.260706081390381
2.274108250141144
2.270916106700897
2.3401468992233276
2.2890014362335207
2.3019495964050294
2.246567006111145
2.2697577571868894
0.04851444721221924
2.267774803638458
2.262278320789337
2.215460362434387
2.2492780971527098
2.2657446813583375
2.245405695438385
2.2824806809425353
2.2596654105186462
2.298561110496521
2.250254888534546
2.2978655910491943
2.2583490777015687
2.260960967540741
2.2270303702354433
2.2983518385887147
2.2541365909576414
2.3142721033096314
2.244370415210724
2.2886340618133545
2.2793107724189756
2.2866841077804567
2.294064345359802
2.2649821615219117
2.3010985398292543
2.2581898188591003
2.29352952003479
2.2479250049591064
2.2787411427497863
2.2999579644203187
2.2899242210388184
2.2609982252120973
2.3126728534698486
2.267437551021576
2.2677656602859497
2.2919109082221985
2.241433699131012
2.2767634916305544
2.2518462467193605
2.2859425926208496
2.2840717244148254
2.2580488562583922
2.3104242944717406
2.287747097015381
2.292054772377014
2.277667820453644
2.2688729906082155
2.3116141605377196
2.302037310600281
2.31191109418869
0.04142348289489746
2.250370750427246
2.270553457736969
2.3003744864463807
2.25483692407608
2.2136978769302367
2.2741339731216432
2.252131221294403
2.241624550819397
2.2957916355133055
2.25340300321579
2.248421766757965
2.2800956058502195
2.2635356760025025
2.262803440093994
2.276718280315399
2.2592694997787475
2.2479664063453675
2.259427149295807
2.2686307072639464
2.2970690965652465
2.2821880173683167
2.2328936743736265
2.2493211817741394
2.240764768123627
2.2455797958374024
2.2807059192657473
2.2225385785102842
2.2816088581085205
2.2803399467468264
2.2554695320129396
2.289354074001312
2.2465077209472657
2.2768511891365053
2.2533180928230285
2.245001699924469
2.2468169784545897
2.320939440727234
2.3293801593780517
2.254823467731476
2.298634433746338
2.276153745651245
2.263227961063385
2.251705310344696
2.279342529773712
2.2407564425468447
2.2757653975486756
2.280137984752655
2.288838837146759
2.253381588459015
0.046383090019226074
2.2488791704177857
2.206081907749176
2.277692379951477
2.228258192539215
2.2325927948951723
2.2543462824821474
2.2834676909446716
2.2847770428657532
2.2604161715507507
2.271861288547516
2.285109181404114
2.2287344241142275
2.318487169742584
2.234531855583191
2.273485996723175
2.260820782184601
2.2526484751701354
2.249062795639038
2.2449070501327513
2.2610138201713563
2.244327702522278
2.24757698059082
2.271325068473816
2.2485908031463624
2.274075970649719
2.275377552509308
2.2736978459358217
2.256226172447205
2.249639892578125
2.2441122913360596
2.2318819403648376
2.279165790081024
2.2368957352638246
2.213914303779602
2.253814296722412
2.221040997505188
2.2510778498649597
2.2532848715782166
2.255179002285004
2.2445510959625246
2.2883894062042236
2.277754900455475
2.2570569634437563
2.325262041091919
2.2966024541854857
2.2993207693099977
2.2789374732971193
2.274682493209839
2.257883563041687
0.04160172939300537
2.290296485424042
2.251544816493988
2.263756694793701
2.314591236114502
2.2813711619377135
2.276979923248291
2.2664123249053953
2.2653486108779908
2.223307147026062
2.282617676258087
2.2661590600013732
2.2734441328048707
2.2256852078437803
2.2264994049072264
2.2388481450080873
2.2975023221969604
2.2643907856941223
2.243635125160217
2.1915927839279177
2.2639801621437075
2.2591232228279114
2.24210613489151
2.2350068259239197
2.277121000289917
2.2450351166725158
2.2488401126861572
2.230390591621399
2.2602884697914125
2.242055022716522
2.2419577980041505
2.2309596824645994
2.267217059135437
2.287100975513458
2.306406307220459
2.298128468990326
2.2317725086212157
2.2858809661865234
2.2725814461708067
2.2695473647117614
2.251738646030426
2.2315583658218383
2.3160573053359985
2.267824699878693
2.260229561328888
2.246577887535095
2.229701557159424
2.2898501229286192
2.2864417362213136
2.243611297607422
0.041610708236694334
