0.18441442489624024
0.18393314361572266
4.891522207260132
3.783008041381836
3.6093814516067506
3.4706950616836547
3.3260746431350707
3.277267475128174
3.197294659614563
3.148231892585754
3.0617262315750122
3.0940940284729006
3.011876654624939
2.9870765733718874
3.002660479545593
2.9461199331283567
2.94132116317749
2.935948724746704
2.889516987800598
2.879687294960022
0.061015257835388186
2.8472799253463745
2.7819266510009766
2.7838588905334474
2.825027527809143
2.7928234338760376
2.7916539764404296
2.7578862142562866
2.7543401861190797
2.745379452705383
2.75096745967865
2.7195380115509034
2.7298333549499514
2.6988868427276613
2.7450616455078123
2.717247066497803
2.6722507238388062
2.768591294288635
2.7401907730102537
0.05228819370269775
2.6528727650642394
2.637970142364502
2.6716983985900877
2.6496879959106447
2.643184070587158
2.6651694631576537
2.631106128692627
2.6498605108261106
2.667541184425354
2.6550483226776125
2.6991137886047363
2.644240493774414
2.6250741195678713
2.6728607034683227
2.5940646362304687
2.6426983451843262
2.641928610801697
2.612936520576477
0.049194226264953615
2.5877263164520263
2.6582051849365236
2.5785618162155153
2.5772588777542116
2.5871062755584715
2.6167075061798095
2.6034539556503296
2.589949607849121
2.5853632926940917
2.6061671924591066
2.5850661277770994
2.5672498893737794
2.594055247306824
2.5740238332748415
2.553282060623169
2.584883532524109
2.5844201183319093
2.5817789030075073
0.05965672492980957
2.53639609336853
2.5934086656570434
2.5319338989257814
2.526160216331482
2.5592033576965334
2.5179294538497925
2.51235116481781
2.543705253601074
2.591441774368286
2.556560506820679
2.5455385494232177
2.504298152923584
2.5572757148742675
2.5232415533065797
2.554627871513367
2.593415575027466
2.5498467540740966
2.5300319623947143
0.04748112201690674
2.5048532056808472
2.4902417182922365
2.5349052000045775
2.5143328142166137
2.5118680429458617
2.5356224727630616
2.4687020540237428
2.5220139503479
2.519258222579956
2.5014541244506834
2.477172656059265
2.4767162942886354
2.5162012672424314
2.5035789155960084
2.5322316980361936
2.512258939743042
2.4377011251449585
2.4935878467559816
0.050306053161621095
2.4765001249313356
2.437533302307129
2.500900459289551
2.447196445465088
2.515162091255188
2.4652089357376097
2.4949620962142944
2.4862651300430296
2.4630981135368346
2.496873712539673
2.490529999732971
2.448642134666443
2.492967433929443
2.4812342929840088
2.487242555618286
2.4966773653030394
2.4890967798233032
2.5456950569152834
0.04728917121887207
2.4371163392066957
2.4770881032943723
2.443684842586517
2.5052826833724975
2.4775238180160524
2.463930811882019
2.4691660261154174
2.454267730712891
2.4486325645446776
2.4509694719314576
2.524537343978882
2.4425538110733034
2.523411374092102
2.451580669879913
2.4607762336730956
2.45632349729538
2.4882551622390747
2.452258348464966
0.052498579025268555
2.4277340149879456
2.445786085128784
2.4078599071502684
2.439439673423767
2.443084692955017
2.444511694908142
2.4437587070465088
2.464887251853943
2.381987662315369
2.4757416820526124
2.433459324836731
2.457364115715027
2.425395278930664
2.4254281997680662
2.4653106689453126
2.4573707485198977
2.432206840515137
2.431468276977539
0.04949526309967041
2.4002924013137816
2.42838698387146
2.4089430475234987
2.4759942865371705
2.450375127792358
2.428846445083618
2.450358121395111
2.4189015102386473
2.4556457138061525
2.4310875701904298
2.4565189504623413
2.432700905799866
2.3885433053970337
2.424561824798584
2.4242974710464478
2.410124773979187
2.4713638067245483
2.4342196702957155
0.04845693588256836
2.4161529970169067
2.423105449676514
2.409935541152954
2.41803373336792
2.436209740638733
2.4187893295288085
2.4412322425842286
2.458836908340454
2.403274874687195
2.4073879814147947
2.3961754131317137
2.4183841919898987
2.4338699769973755
2.4615670013427735
2.406780638694763
2.401579990386963
2.431689052581787
2.4119779539108275
0.05118290424346924
2.389684433937073
2.398859896659851
2.4245968151092527
2.415107922554016
2.3953078317642214
2.4345586252212525
2.4071746921539305
2.394482808113098
2.4276050186157225
2.4384186267852783
2.3896810245513915
2.4167741203308104
2.401158883571625
2.4087380027770995
2.4302192401885985
2.3896983289718627
2.456105341911316
2.441370987892151
0.04882052421569824
2.4252063846588134
2.3822474336624144
2.3743311190605163
2.3819148921966553
2.3861751675605776
2.398161597251892
2.4222060108184813
2.3791881895065305
2.361304018497467
2.4300468254089354
2.4180140542984008
2.3904410934448244
2.399241843223572
2.385506851673126
2.3786645841598513
2.4798481464385986
2.3947208428382876
2.4072686862945556
0.0503682804107666
2.3747980642318725
2.3995457315444946
2.3821699237823486
2.4242677783966062
2.369413013458252
2.407897026538849
2.3457000613212586
2.41882287979126
2.3816195273399354
2.401212840080261
2.4095370149612427
2.4319166231155394
2.4404092741012575
2.3861110687255858
2.356381688117981
2.3875140357017517
2.4036064767837524
2.394795341491699
0.05329321384429932
2.430699348449707
2.3799855709075928
2.3971418070793153
2.3857390689849853
2.3521878004074095
2.3683974599838256
2.3811108589172365
2.383530616760254
2.403631663322449
2.413197681903839
2.386806230545044
2.3827060651779175
2.401784634590149
2.3673575639724733
2.365356216430664
2.3979605174064638
2.3708449459075926
2.4126925706863402
0.049477157592773435
2.383410668373108
2.3749690198898317
2.320069375038147
2.352394781112671
2.3693272399902345
2.359266197681427
2.4134069156646727
2.3605871391296387
2.395006456375122
2.350053231716156
2.4086388969421386
2.3750715398788453
2.3811190366744994
2.3484124898910523
2.4128824043273926
2.3590626430511477
2.4255155086517335
2.360878281593323
0.043812737464904786
2.357663435935974
2.3787257480621338
2.398838427066803
2.379391837120056
2.322101686000824
2.379306826591492
2.347522339820862
2.3381260681152343
2.4167220640182494
2.352831315994263
2.3792091703414915
2.3889898300170898
2.386774468421936
2.378042049407959
2.3865265083312988
2.357563440799713
2.3742977452278136
2.3649650764465333
